[[ 6  6  3  6  6  0  3  4  1  5  3  3  3  6  2  2]
 [28  3 27  7  2 10  2  1  9  1 22 22 26  2  0  0]
 [ 3  4  5 21  6 13  7  6  0  0  6  6  1  0  2  2]
 [ 0  0  0 15  0  0  0  0  6  0  0  0  0  0  0  0]
 [ 0  4  8  1  5  8  2  5  6  2 31 24  2  2  9  9]
 [ 2  5  7  7  9 11  2 10 16 13  7  7 10  0  1  1]
 [ 5  2  5  5  4 26  1  5  5  3 27 27  4  0  5  5]
 [ 1  4 24 22  2  4  5  0 23  2  8  9  3  4  4  4]
 [ 2 10  1  5  6  1  0  2  6  3 19 19  7  2  2  2]
 [15 19  0  2  4 12  8  8 15  8  1  1  3  5  8  8]
 [ 6  1 10  3 12  5  7  0  9  2  1  1  7  4 13 13]
 [21  0  2  2  5  8  5  5 14 10 16 41  5  5 11 11]
 [ 7 13  2  2  8 11  0  6 23  9 11 30  2  1  4  4]
 [ 0  6 14 12  1 32  1  1  2  1  5  6  1  1  1  1]
 [ 0 15 14 13 11 10  0  6 18  5  4 33  0  2  1  1]
 [ 1  9  6  3  0 24  0  2 18  0 26 26  0 10  0  0]
 [ 0  1  1 48 10 26  1  1  8  5  9  9  1  1  1  1]
 [ 6  2  0 13  2 37  2  2  1 14 54 27  1  2  2  2]
 [ 0  4  8  9  3 59  2  9  6 12 59  8  1  1  1  1]
 [ 2  2  2  2  1  2  1  3  0  1  2  2  2  1  1  1]
 [ 4  0 23  5  1 32  1  0 16  1 23 23  1  1  0  0]
 [ 6  0 23  8  6 13  6  1 10  6 21  6  6  9  9  9]
 [11  3  7  7  0  4  4  1 11  0  7  7  4  5  2  2]
 [ 0  8 17  7  6  9  4 13  3 12 31  2  4  1  5  5]
 [ 7  5  7  4  3  7  1  0 11  7  7  7  1  0  0  0]
 [59  0  3  7 10 19  2 11 38 11 44 19  2  2 12 12]
 [ 3 23  1 16 21  4 14  2 22 27 31  4  0  5 19 19]
 [ 4  3 38  9  2 22  1  4  0  4  9  9  1  4  4  4]
 [ 2  1 24  8  0 46  1 13  5  0 12 12  1  0  1  1]
 [ 4  0 19 17 11  9  5  1  4  1  8  8  5  3  9  9]
 [13  1 24 21 10  9  0 15 12 11 37  8  0  1  6  6]
 [22 26 26 23 26 43  0  5  9  8 13 13  0  6  4  4]
 [ 1  6  2  7  2  3  8  2 34  6 20  0  8  5  2  2]
 [ 2  2  6  3  6  6  0  2  6  2  6  6  0  2  2  2]
 [ 3 23  4 19  4 15  0  1  3  0 24 19  4  0  4  4]
 [ 9  1  1  1  1  1  2  4  1  1  1  1  2  0  4  4]
 [ 1  5  2 34  5 31  3  7  0 13  5  5  3 13  8  8]
 [12 14 30 16  1  9  7  3 14  5 35 35  0  2  0  0]
 [ 2  3 18 13  3  3  5  0  7  3  3  1  5  3  3  3]
 [ 0  0  8  5  0  0  8  4  1 21  0  0  8  4  2  2]
 [ 0 11  9  7  3  1  3  5 15  5  0  0  3  3  2  2]
 [ 8 10 13 32 14 35  0  1 13  3  4  4 11  5  0  0]
 [16 13 12 15  9 17  6  4  3  2 17 17  1  0  3  3]
 [ 5  1  5  4  5  5  0  3  5  5  5  5  5  2  1  1]
 [ 8  6  4 20  2  9  0  5 15 12 33  3  7  7  1  1]
 [ 2  6  7 24  3 12  0 16 13  9  5 44  0  1 14 14]
 [ 4  3  8  3  2  3  1  1  0  4  3  3  1  4  4  4]
 [ 2  2  2  2  1  2  2  0  6  0  2  2  2  1  2  2]
 [10  4  1 14  8 37  2  8 13  9 22  6  2  3  0  0]
 [13  4  1 21 12 18  0  4 12  0 34 39  0  2 12 12]]
[ 6  2  2  0  9  1  5 12 13  8 13 13  7  1 33  0  1  2 12  1  0 12 11  5
  0 12 19  4  1  9  6  4  2  2  4  4 17  0  3  2 11 26  4  1 16 14  4  2
  8 13]
0.0
0.0
0.0
0.0
0.0
0.0
0.0
0.0
0.0
0.0
0.0
0.0
0.0
0.0
0.1
0.1
